0.000000 -0.024509 0.120190 -0.003860 0.080538 -0.006044 -0.006044 -0.006044 -0.006044 -0.007379 -0.008296 -0.008865 -0.009410 0.051406 0.014121 -0.006541 -0.010383 -0.018558 -0.006044 0.080192 -0.019141 -0.008773 -0.006541 -0.006742 -0.010377 -0.017136 -0.010134 -0.017165 -0.015296 -0.008121 -0.029131 -0.010818 -0.010259 -0.008644 -0.041948 -0.011334 -0.013662 0.043589 -0.014640 -0.011402 -0.025846 -0.008850 -0.017070 -0.010777 0.022335 -0.008235 0.046405 -0.023667 -0.024362 -0.020853 0.014338 0.002883 0.043089 0.054448 -0.017972 -0.022526 -0.034830 -0.029499 -0.010082 0.016916 -0.019250 -0.011094 -0.019676 -0.007417 -0.025910 -0.027206 0.066911 -0.012688 -0.040604 -0.009928 -0.011916 0.142920 -0.013912 0.011700 -0.004854 0.022972 -0.020054 0.059286 0.039850 -0.041564 -0.008197
-0.024509 0.000000 -0.049226 -0.021553 0.088192 -0.005316 -0.005316 -0.005316 -0.005316 -0.006698 -0.007612 -0.034078 0.150500 -0.022008 -0.022201 -0.005880 -0.009859 -0.021305 -0.005316 0.013770 -0.015794 -0.008067 -0.005880 -0.006198 -0.010445 0.002368 -0.009617 -0.037305 -0.014992 0.052113 -0.032747 -0.010838 -0.010363 -0.008212 0.063287 -0.010978 -0.013571 -0.018047 -0.013959 -0.010628 -0.048877 -0.008480 0.015844 -0.009739 -0.036891 -0.007801 0.021138 0.102290 0.103540 -0.019555 -0.013169 -0.029493 -0.027026 -0.030287 -0.017911 0.019361 0.035620 -0.008744 -0.010162 0.046589 -0.018682 0.052407 -0.018379 -0.007372 -0.024332 -0.021472 -0.005846 -0.012540 -0.007964 -0.009961 -0.011290 0.022428 -0.046731 -0.025101 -0.000524 0.046200 0.027613 -0.040459 -0.019524 0.189400 -0.018402
0.120190 -0.049226 0.000000 -0.020273 0.007024 -0.021813 -0.021813 -0.021813 -0.021813 -0.024112 0.031744 0.071810 0.072408 -0.009246 -0.037260 -0.023590 -0.032016 0.025525 -0.021813 0.069014 -0.009279 -0.027086 -0.023590 -0.024581 -0.032702 0.065487 -0.029043 -0.004169 0.005624 -0.027764 0.029651 -0.034432 -0.031317 0.034282 0.079876 -0.033181 -0.036702 -0.039925 -0.036056 -0.033215 0.081392 -0.029912 -0.008896 -0.028566 -0.057117 -0.026854 -0.042569 -0.017502 -0.057707 -0.033326 -0.008328 -0.031580 0.013398 0.018199 -0.041103 -0.011496 -0.045206 -0.029695 -0.032386 0.034009 0.038770 -0.031730 -0.035816 0.036998 0.083262 -0.058175 0.021132 -0.036520 -0.028656 -0.030470 -0.033568 0.077314 0.041435 0.166050 0.047130 0.025190 0.006397 0.092218 -0.030342 0.173370 -0.004518
-0.003860 -0.021553 -0.020273 0.000000 -0.012246 0.007211 0.007211 0.007211 0.007211 0.006492 0.006281 -0.013949 -0.007595 -0.013342 0.015295 0.007275 0.062975 -0.014682 0.007211 -0.014734 0.015614 0.005644 0.007275 0.007128 0.005253 -0.021349 0.004704 -0.022934 0.001960 0.006233 -0.019003 0.004452 0.004659 0.005548 -0.012369 0.004537 0.003964 -0.000940 0.002944 0.060143 0.006725 0.006081 0.027059 0.004061 0.045560 0.006270 -0.026157 0.011811 0.013683 -0.003231 -0.000518 -0.012178 -0.012726 -0.035700 0.001606 -0.018972 -0.014357 -0.016980 0.006364 -0.029142 -0.000126 0.003997 0.014718 -0.006703 -0.008854 -0.018308 -0.013201 0.004839 -0.032335 0.005367 0.004500 0.033334 -0.027592 0.019376 -0.013556 -0.003115 -0.004492 -0.010873 -0.014095 0.035352 -0.011345
0.080538 0.088192 0.007024 -0.012246 0.000000 -0.021579 -0.021579 -0.021579 -0.021579 -0.024224 -0.027132 0.043502 0.065412 0.010550 0.102800 -0.023848 0.007329 0.005721 -0.021579 -0.000972 -0.021648 -0.027751 -0.023848 -0.024306 -0.032668 0.053168 -0.029036 0.044079 -0.038765 -0.027202 0.018295 -0.033531 -0.030483 -0.025545 -0.092380 0.017550 -0.035025 -0.009343 -0.018230 -0.032220 0.110280 -0.030102 0.006993 -0.028887 0.030611 -0.026999 -0.015077 -0.016716 -0.010871 -0.028429 0.039988 -0.040633 -0.035683 0.191480 0.033685 -0.024053 -0.029509 -0.013215 -0.031523 -0.042140 -0.028874 -0.032430 -0.013261 -0.027965 -0.025826 0.002086 -0.045432 -0.035026 -0.010410 -0.030768 -0.033360 0.006088 -0.050816 0.131990 0.053334 0.097536 0.030912 0.087295 0.010371 0.115320 -0.040226
-0.006044 -0.005316 -0.021813 0.007211 -0.021579 0.000000 0.010823 0.010823 0.010823 0.010549 0.010888 -0.001013 -0.015781 0.004934 -0.003478 0.011331 0.012614 0.000814 0.010823 -0.005174 -0.005297 0.010254 0.011331 0.011302 0.011020 -0.002686 0.009499 -0.003629 0.009436 0.010978 -0.001663 0.010479 0.009981 0.009742 -0.074676 0.010574 0.013432 0.008971 0.012214 0.013563 -0.011429 0.011311 -0.016088 0.008627 -0.011130 0.010932 -0.005755 -0.002171 -0.008049 0.010583 -0.012847 0.007769 0.006179 -0.017230 0.014488 -0.018942 -0.004786 -0.001216 0.013610 -0.014056 0.011603 0.009129 0.004251 -0.013081 0.006545 -0.002537 0.003748 0.013739 -0.011818 0.010946 0.011207 -0.020572 -0.007138 -0.030817 -0.012136 -0.013882 -0.002299 -0.013253 0.004831 -0.028489 0.007279
-0.006044 -0.005316 -0.021813 0.007211 -0.021579 0.010823 0.000000 0.010823 0.010823 0.010549 0.010888 -0.001013 -0.015781 0.004934 -0.003478 0.011331 0.012614 0.000814 0.010823 -0.005174 -0.005297 0.010254 0.011331 0.011302 0.011020 -0.002686 0.009499 -0.003629 0.009436 0.010978 -0.001663 0.010479 0.009981 0.009742 -0.074676 0.010574 0.013432 0.008971 0.012214 0.013563 -0.011429 0.011311 -0.016088 0.008627 -0.011130 0.010932 -0.005755 -0.002171 -0.008049 0.010583 -0.012847 0.007769 0.006179 -0.017230 0.014488 -0.018942 -0.004786 -0.001216 0.013610 -0.014056 0.011603 0.009129 0.004251 -0.013081 0.006545 -0.002537 0.003748 0.013739 -0.011818 0.010946 0.011207 -0.020572 -0.007138 -0.030817 -0.012136 -0.013882 -0.002299 -0.013253 0.004831 -0.028489 0.007279
-0.006044 -0.005316 -0.021813 0.007211 -0.021579 0.010823 0.010823 0.000000 0.010823 0.010549 0.010888 -0.001013 -0.015781 0.004934 -0.003478 0.011331 0.012614 0.000814 0.010823 -0.005174 -0.005297 0.010254 0.011331 0.011302 0.011020 -0.002686 0.009499 -0.003629 0.009436 0.010978 -0.001663 0.010479 0.009981 0.009742 -0.074676 0.010574 0.013432 0.008971 0.012214 0.013563 -0.011429 0.011311 -0.016088 0.008627 -0.011130 0.010932 -0.005755 -0.002171 -0.008049 0.010583 -0.012847 0.007769 0.006179 -0.017230 0.014488 -0.018942 -0.004786 -0.001216 0.013610 -0.014056 0.011603 0.009129 0.004251 -0.013081 0.006545 -0.002537 0.003748 0.013739 -0.011818 0.010946 0.011207 -0.020572 -0.007138 -0.030817 -0.012136 -0.013882 -0.002299 -0.013253 0.004831 -0.028489 0.007279
-0.006044 -0.005316 -0.021813 0.007211 -0.021579 0.010823 0.010823 0.010823 0.000000 0.010549 0.010888 -0.001013 -0.015781 0.004934 -0.003478 0.011331 0.012614 0.000814 0.010823 -0.005174 -0.005297 0.010254 0.011331 0.011302 0.011020 -0.002686 0.009499 -0.003629 0.009436 0.010978 -0.001663 0.010479 0.009981 0.009742 -0.074676 0.010574 0.013432 0.008971 0.012214 0.013563 -0.011429 0.011311 -0.016088 0.008627 -0.011130 0.010932 -0.005755 -0.002171 -0.008049 0.010583 -0.012847 0.007769 0.006179 -0.017230 0.014488 -0.018942 -0.004786 -0.001216 0.013610 -0.014056 0.011603 0.009129 0.004251 -0.013081 0.006545 -0.002537 0.003748 0.013739 -0.011818 0.010946 0.011207 -0.020572 -0.007138 -0.030817 -0.012136 -0.013882 -0.002299 -0.013253 0.004831 -0.028489 0.007279
-0.007379 -0.006698 -0.024112 0.006492 -0.024224 0.010549 0.010549 0.010549 0.010549 0.000000 0.010579 -0.002503 -0.018340 0.004073 -0.005352 0.011028 0.012226 -0.000174 0.010549 -0.007000 -0.006324 0.009928 0.011028 0.011006 0.010657 -0.003990 0.009185 -0.004900 0.008971 0.010656 -0.003518 0.010118 0.009648 0.009451 -0.030674 0.010138 0.012850 0.008473 0.011692 0.013133 0.044946 0.010974 -0.018474 0.008306 -0.013330 0.010611 -0.008386 -0.003417 -0.009437 0.009828 -0.016751 0.006511 0.005341 -0.020526 0.013884 -0.022333 -0.006903 -0.002112 0.013220 -0.015548 0.011063 0.008790 0.003291 -0.015618 0.005519 -0.003677 0.002854 0.013264 -0.014012 0.010596 0.010825 -0.024896 -0.008333 -0.034589 -0.015179 -0.016907 -0.004651 -0.017826 0.003846 -0.033152 0.006337
-0.008296 -0.007612 0.031744 0.006281 -0.027132 0.010888 0.010888 0.010888 0.010888 0.010579 0.000000 -0.003527 -0.021498 0.003655 -0.007788 0.011356 0.012410 -0.000361 0.010888 -0.008128 -0.006516 0.010254 0.011356 0.011322 0.010922 -0.004997 0.009491 -0.005898 0.009197 0.010958 -0.004362 0.010390 0.009933 0.009765 -0.082466 0.010475 0.013012 0.008516 0.011849 0.013272 -0.016635 0.011241 -0.020875 0.008638 -0.015040 0.010920 -0.009440 -0.003337 -0.009628 0.009881 -0.020227 0.005816 0.004806 -0.023439 0.013814 -0.023003 -0.008414 -0.002391 0.013388 -0.016229 0.010950 0.009077 0.002519 -0.017419 0.005424 -0.003659 0.002677 0.013424 -0.014100 0.010846 0.011033 -0.027377 -0.009086 0.015362 -0.017466 -0.019919 -0.007252 -0.020437 0.003309 0.016354 0.005929
-0.008865 -0.034078 0.071810 -0.013949 0.043502 -0.001013 -0.001013 -0.001013 -0.001013 -0.002503 -0.003527 0.000000 0.066402 -0.021151 0.026357 -0.001478 -0.006134 -0.019398 -0.001013 -0.040279 -0.028306 -0.003719 -0.001478 -0.002097 -0.006372 -0.011714 -0.006158 0.030668 -0.011357 -0.004113 -0.006278 -0.007211 -0.006060 -0.003549 0.162310 -0.006696 -0.010611 -0.015244 -0.010755 -0.007505 -0.017405 -0.005154 -0.037582 -0.005344 -0.042814 -0.004031 0.049199 -0.030479 -0.005961 0.080409 -0.017065 -0.004968 -0.026318 0.013686 -0.015628 -0.017181 -0.040920 0.023119 -0.006305 0.006033 -0.016043 -0.006960 -0.027543 -0.029776 -0.023063 -0.028164 0.036398 -0.009286 -0.011145 -0.005510 -0.007560 0.083199 -0.010962 0.094430 0.031586 0.015178 -0.022457 0.016805 -0.015170 -0.027731 -0.016342
-0.009410 0.150500 0.072408 -0.007595 0.065412 -0.015781 -0.015781 -0.015781 -0.015781 -0.018340 -0.021498 0.066402 0.000000 0.047269 0.036680 -0.017804 0.009985 0.004262 -0.015781 -0.008468 -0.049387 -0.021713 -0.017804 -0.019270 -0.028532 -0.024745 -0.023991 0.001776 -0.034624 -0.023581 -0.006265 -0.028817 -0.027198 -0.019984 0.200610 -0.028701 -0.030927 -0.033106 -0.030143 -0.002754 0.066892 -0.025364 0.047813 -0.022620 -0.063637 -0.021806 0.014610 -0.047586 0.018326 -0.023712 0.037800 -0.013084 0.048811 -0.005265 -0.033032 -0.037068 0.034203 -0.048995 0.011122 -0.007019 -0.033683 -0.026318 -0.014632 0.078652 -0.027880 -0.049257 -0.023721 -0.031475 -0.025105 -0.026193 0.010784 0.123160 -0.030732 0.102990 0.034586 0.060411 0.003432 -0.027628 -0.042893 0.008434 0.008315
0.051406 -0.022008 -0.009246 -0.013342 0.010550 0.004934 0.004934 0.004934 0.004934 0.004073 0.003655 -0.021151 0.047269 0.000000 0.037169 0.004889 0.002937 -0.018482 0.004934 -0.023837 -0.023677 0.003188 0.004889 0.004730 0.002311 0.124360 0.002034 -0.026223 0.064320 0.003762 -0.017997 0.001638 0.002096 0.003113 -0.024544 0.001670 0.000086 -0.004388 -0.000559 0.002510 -0.032527 0.003303 -0.016083 0.001550 -0.011929 0.003641 0.015337 -0.020941 -0.030039 -0.007109 0.014285 -0.015678 0.021665 -0.032425 -0.002607 -0.015222 -0.011631 -0.020525 0.003326 0.034116 -0.004141 0.001132 0.016925 0.083288 -0.013150 -0.022051 -0.017871 0.001657 -0.034724 0.002485 0.001620 0.045003 -0.004385 -0.015990 -0.030321 -0.010238 -0.002932 -0.029190 -0.018146 -0.021850 -0.015713
0.014121 -0.022201 -0.037260 0.015295 0.102800 -0.003478 -0.003478 -0.003478 -0.003478 -0.005352 -0.007788 0.026357 0.036680 0.037169 0.000000 -0.004612 -0.011301 -0.006460 -0.003478 0.063695 -0.036124 -0.007414 -0.004612 -0.005220 -0.010888 0.027340 -0.008676 -0.022379 -0.016806 -0.007465 0.031771 -0.011581 -0.010427 -0.006793 0.166310 -0.012142 -0.014996 0.002166 -0.015178 -0.012334 0.009533 -0.009162 -0.055552 -0.009213 -0.000080 -0.007097 0.042602 -0.002007 0.003961 -0.018236 0.073367 -0.025174 -0.034076 -0.005675 -0.019124 0.006785 -0.040183 -0.006784 -0.011174 0.030224 -0.020179 -0.010916 -0.029126 -0.006878 -0.020597 -0.037417 -0.022197 -0.014414 0.020858 -0.010212 -0.013251 0.003133 0.016143 -0.006837 0.053713 0.013613 0.010756 -0.012114 -0.009002 -0.012541 -0.011521
-0.006541 -0.005880 -0.023590 0.007275 -0.023848 0.011331 0.011331 0.011331 0.011331 0.011028 0.011356 -0.001478 -0.017804 0.004889 -0.004612 0.000000 0.012995 0.000498 0.011331 -0.006134 -0.005558 0.010707 0.011805 0.011783 0.011427 -0.003404 0.009971 -0.004214 0.009766 0.011435 -0.002799 0.010889 0.010422 0.010232 -0.031635 0.010936 0.013667 0.009268 0.012449 0.013899 -0.013959 0.011743 -0.018125 0.009090 -0.012519 0.011399 -0.007401 -0.002551 -0.008412 0.010557 -0.015936 0.007370 0.006131 -0.019968 0.014660 -0.021142 -0.005998 -0.001273 0.013988 -0.014874 0.011817 0.009565 0.004089 -0.015169 0.006340 -0.002999 0.003644 0.014047 -0.013163 0.011370 0.011595 -0.023884 -0.007487 -0.033972 -0.014529 -0.016217 -0.003988 -0.016493 0.004702 -0.032677 0.007180
-0.010383 -0.009859 -0.032016 0.062975 0.007329 0.012614 0.012614 0.012614 0.012614 0.012226 0.012410 -0.006134 0.009985 0.002937 -0.011301 0.012995 0.000000 -0.000943 0.012614 -0.010414 -0.006735 0.011820 0.012995 0.012964 0.012319 -0.006667 0.011062 -0.007715 0.010341 0.012522 -0.007154 0.011790 0.011428 0.011428 -0.077585 0.011788 0.013825 0.009317 0.012638 0.014300 -0.019956 0.012727 -0.025679 0.010196 -0.018794 0.012495 -0.012585 -0.004038 -0.010838 0.009947 -0.026416 0.004245 0.003943 -0.029323 0.014152 -0.027099 -0.011770 -0.002640 0.014582 -0.017777 0.011456 0.010574 0.001241 -0.021327 0.005318 -0.004405 0.002305 0.014400 -0.016749 0.012274 0.012293 -0.031802 -0.011436 -0.009265 -0.023025 -0.025618 0.030981 -0.025535 0.002388 -0.009652 0.005033
-0.018558 -0.021305 0.025525 -0.014682 0.005721 0.000814 0.000814 0.000814 0.000814 -0.000174 -0.000361 -0.019398 0.004262 -0.018482 -0.006460 0.000498 -0.000943 0.000000 0.000814 -0.012830 -0.000970 -0.001471 0.000498 0.000701 -0.001613 -0.021008 -0.001687 -0.022627 -0.005482 -0.000096 -0.013941 -0.002111 -0.001869 -0.000833 0.075022 -0.003056 -0.003276 -0.007576 -0.004289 -0.001261 0.031812 -0.000409 0.017063 -0.002997 -0.012487 -0.000207 0.001981 -0.020799 -0.028407 -0.010146 -0.018888 0.063113 0.010910 -0.008907 -0.005626 -0.015659 -0.035837 -0.021862 -0.000206 -0.019736 -0.007078 -0.002811 0.010654 -0.040498 -0.015962 -0.020607 -0.019556 -0.001718 0.467670 -0.001559 -0.002435 -0.050801 -0.024389 -0.012249 -0.047451 -0.005294 -0.019224 -0.015557 0.006343 -0.049270 0.012741
-0.006044 -0.005316 -0.021813 0.007211 -0.021579 0.010823 0.010823 0.010823 0.010823 0.010549 0.010888 -0.001013 -0.015781 0.004934 -0.003478 0.011331 0.012614 0.000814 0.000000 -0.005174 -0.005297 0.010254 0.011331 0.011302 0.011020 -0.002686 0.009499 -0.003629 0.009436 0.010978 -0.001663 0.010479 0.009981 0.009742 -0.074676 0.010574 0.013432 0.008971 0.012214 0.013563 -0.011429 0.011311 -0.016088 0.008627 -0.011130 0.010932 -0.005755 -0.002171 -0.008049 0.010583 -0.012847 0.007769 0.006179 -0.017230 0.014488 -0.018942 -0.004786 -0.001216 0.013610 -0.014056 0.011603 0.009129 0.004251 -0.013081 0.006545 -0.002537 0.003748 0.013739 -0.011818 0.010946 0.011207 -0.020572 -0.007138 -0.030817 -0.012136 -0.013882 -0.002299 -0.013253 0.004831 -0.028489 0.007279
0.080192 0.013770 0.069014 -0.014734 -0.000972 -0.005174 -0.005174 -0.005174 -0.005174 -0.007000 -0.008128 -0.040279 -0.008468 -0.023837 0.063695 -0.006134 -0.010414 -0.012830 -0.005174 0.000000 -0.017650 -0.008396 -0.006134 -0.006195 -0.010462 -0.031357 -0.009782 0.003948 -0.016352 -0.007633 -0.015870 -0.010782 -0.010846 -0.007989 -0.057225 -0.012253 -0.013855 -0.017853 -0.014161 -0.011228 -0.058107 -0.008795 0.042328 -0.010426 -0.003687 -0.007804 0.016132 -0.035264 -0.012889 -0.004298 0.026106 -0.028685 -0.027676 -0.023189 -0.017040 0.029241 0.009344 -0.020700 -0.009985 0.006003 -0.018270 -0.010809 -0.028303 0.092413 -0.015857 0.012369 0.286470 -0.012760 -0.032539 -0.009967 -0.011865 0.043989 -0.029720 0.075796 0.045973 -0.009368 -0.020012 0.000677 0.002797 -0.056090 0.057805
-0.019141 -0.015794 -0.009279 0.015614 -0.021648 -0.005297 -0.005297 -0.005297 -0.005297 -0.006324 -0.006516 -0.028306 -0.049387 -0.023677 -0.036124 -0.005558 -0.006735 -0.000970 -0.005297 -0.017650 0.000000 -0.007422 -0.005558 -0.005324 -0.007578 -0.022844 -0.007687 -0.027228 -0.011561 -0.006091 -0.020115 0.058980 -0.008189 -0.007553 0.127630 -0.009209 -0.008918 -0.013263 -0.009921 -0.006880 -0.032198 -0.006189 -0.000483 -0.009058 -0.015198 -0.006310 0.009525 -0.025277 -0.033957 0.018537 -0.016454 0.053085 -0.022481 0.039778 -0.010438 -0.008722 -0.040232 -0.026830 -0.006072 -0.028587 -0.012309 -0.008852 -0.025861 0.006205 -0.020902 0.444100 -0.024464 -0.007272 0.058834 -0.007511 -0.008555 -0.031303 0.138030 0.118220 -0.007172 -0.042354 -0.004887 -0.051501 0.000427 -0.067157 -0.021317
-0.008773 -0.008067 -0.027086 0.005644 -0.027751 0.010254 0.010254 0.010254 0.010254 0.009928 0.010254 -0.003719 -0.021713 0.003188 -0.007414 0.010707 0.011820 -0.001471 0.010254 -0.008396 -0.007422 0.000000 0.010707 0.010697 0.010279 -0.005556 0.008865 -0.006509 0.008501 0.010340 -0.005537 0.009744 0.009295 0.009141 0.021356 0.009723 0.012339 0.007986 0.011093 0.012682 -0.017964 0.010636 -0.021514 0.007954 -0.015060 0.010297 -0.010178 -0.004399 -0.011669 0.008906 -0.020236 0.005486 0.004429 -0.023947 0.013260 0.029193 -0.008486 -0.003048 0.012813 -0.017342 0.010428 0.008439 0.002117 -0.018234 0.004544 -0.005063 0.001858 0.012816 -0.016071 0.010226 0.010425 -0.028694 -0.009541 -0.038582 0.039164 -0.019534 -0.007103 -0.020615 0.002877 -0.037004 0.005345
-0.006541 -0.005880 -0.023590 0.007275 -0.023848 0.011331 0.011331 0.011331 0.011331 0.011028 0.011356 -0.001478 -0.017804 0.004889 -0.004612 0.011805 0.012995 0.000498 0.011331 -0.006134 -0.005558 0.010707 0.000000 0.011783 0.011427 -0.003404 0.009971 -0.004214 0.009766 0.011435 -0.002799 0.010889 0.010422 0.010232 -0.031635 0.010936 0.013667 0.009268 0.012449 0.013899 -0.013959 0.011743 -0.018125 0.009090 -0.012519 0.011399 -0.007401 -0.002551 -0.008412 0.010557 -0.015936 0.007370 0.006131 -0.019968 0.014660 -0.021142 -0.005998 -0.001273 0.013988 -0.014874 0.011817 0.009565 0.004089 -0.015169 0.006340 -0.002999 0.003644 0.014047 -0.013163 0.011370 0.011595 -0.023884 -0.007487 -0.033972 -0.014529 -0.016217 -0.003988 -0.016493 0.004702 -0.032677 0.007180
-0.006742 -0.006198 -0.024581 0.007128 -0.024306 0.011302 0.011302 0.011302 0.011302 0.011006 0.011322 -0.002097 -0.019270 0.004730 -0.005220 0.011783 0.012964 0.000701 0.011302 -0.006195 -0.005324 0.010697 0.011783 0.000000 0.011396 -0.003248 0.009938 -0.004145 0.009766 0.011400 -0.002634 0.078090 0.010392 0.010201 -0.080987 0.010961 0.013643 0.009208 0.012447 0.013856 -0.014504 0.011705 -0.018738 0.009082 -0.012902 0.011365 -0.007564 -0.002324 -0.008351 0.010627 -0.016916 0.007144 0.005852 -0.020966 0.014562 -0.020908 -0.006443 -0.001302 0.013935 -0.014613 0.011737 0.009540 0.003770 -0.015650 0.006531 -0.002657 0.003664 0.013994 -0.012580 0.011345 0.011562 -0.024837 -0.007922 -0.036247 -0.015065 -0.017329 -0.004890 -0.017505 0.004487 -0.034331 0.006986
-0.010377 -0.010445 -0.032702 0.005253 -0.032668 0.011020 0.011020 0.011020 0.011020 0.010657 0.010922 -0.006372 -0.028532 0.002311 -0.010888 0.011427 0.012319 -0.001613 0.011020 -0.010462 -0.007578 0.010279 0.011427 0.011396 0.000000 -0.006806 0.009534 -0.007616 0.008995 0.010984 -0.007204 0.076727 0.009914 0.009858 -0.056528 0.010354 0.012530 0.008184 0.011423 0.013052 -0.022618 0.011220 -0.026930 0.008688 -0.020124 0.010962 -0.013414 -0.004784 -0.011125 0.008923 -0.027586 0.003803 0.003292 -0.031205 0.013158 -0.027716 -0.011957 -0.003432 0.013237 0.040516 0.010431 0.009069 0.000711 -0.022714 0.004527 0.060339 0.001543 0.076959 -0.017179 0.010815 0.010930 -0.035418 -0.011481 -0.049346 0.034800 -0.026246 -0.012667 -0.028904 0.001860 -0.046900 0.004476
-0.017136 0.002368 0.065487 -0.021349 0.053168 -0.002686 -0.002686 -0.002686 -0.002686 -0.003990 -0.004997 -0.011714 -0.024745 0.124360 0.027340 -0.003404 -0.006667 -0.021008 -0.002686 -0.031357 -0.022844 -0.005556 -0.003404 -0.003248 -0.006806 0.000000 -0.006521 -0.015566 -0.012348 -0.004434 0.102090 -0.007423 -0.006743 -0.004749 0.129840 -0.008785 -0.010367 -0.014525 -0.011314 -0.007899 0.088291 -0.005682 0.032253 -0.007276 -0.027581 -0.004495 -0.009460 -0.018680 -0.017810 -0.017151 -0.041813 0.059383 -0.021595 -0.007090 -0.013830 0.029793 -0.036318 -0.004505 -0.006247 -0.039334 -0.015378 -0.008223 0.039988 -0.001626 -0.022348 -0.026086 -0.004023 -0.008544 -0.015468 -0.006969 -0.008467 -0.008265 -0.043112 0.000805 -0.007852 0.011786 -0.032384 -0.001401 0.004477 0.043998 -0.009626
-0.010134 -0.009617 -0.029043 0.004704 -0.029036 0.009499 0.009499 0.009499 0.009499 0.009185 0.009491 -0.006158 -0.023991 0.002034 -0.008676 0.009971 0.011062 -0.001687 0.009499 -0.009782 -0.007687 0.008865 0.009971 0.009938 0.009534 -0.006521 0.000000 -0.006908 0.007820 0.009557 0.052179 0.009005 0.008539 0.008381 -0.085998 0.009073 0.011559 0.007094 0.010407 0.011873 0.043431 0.077570 -0.022851 0.007242 -0.018768 0.009527 -0.010747 -0.004960 -0.011427 0.008361 -0.022493 0.004150 0.002842 -0.025846 0.012390 -0.025226 -0.010236 -0.003852 0.012009 0.039745 0.009550 0.007683 0.000936 -0.019622 0.004144 -0.005199 0.063311 0.011968 -0.015891 0.009460 0.009666 -0.030750 -0.011180 -0.043174 -0.019932 -0.022364 -0.010012 -0.023451 0.001756 -0.041312 0.004309
-0.017165 -0.037305 -0.004169 -0.022934 0.044079 -0.003629 -0.003629 -0.003629 -0.003629 -0.004900 -0.005898 0.030668 0.001776 -0.026223 -0.022379 -0.004214 -0.007715 -0.022627 -0.003629 0.003948 -0.027228 -0.006509 -0.004214 -0.004145 -0.007616 -0.015566 -0.006908 0.000000 -0.012740 -0.005368 -0.002334 -0.008132 -0.007521 -0.006110 -0.055588 -0.008992 -0.011148 -0.016019 -0.012207 -0.008679 0.024188 -0.006165 0.077203 -0.008691 -0.012985 -0.005620 -0.029450 -0.022578 -0.022988 -0.018253 0.070750 -0.005822 -0.023654 0.033500 -0.014973 0.036244 0.016909 0.015109 -0.007232 -0.015647 -0.016201 -0.008355 0.033859 -0.009331 -0.023405 -0.024587 -0.027899 -0.009111 -0.020256 -0.007464 -0.009221 -0.017498 0.178430 0.067743 0.030881 -0.040057 -0.021206 -0.021198 0.087372 0.024752 0.097930
-0.015296 -0.014992 0.005624 0.001960 -0.038765 0.009436 0.009436 0.009436 0.009436 0.008971 0.009197 -0.011357 -0.034624 0.064320 -0.016806 0.009766 0.010341 -0.005482 0.009436 -0.016352 -0.011561 0.008501 0.009766 0.009766 0.008995 -0.012348 0.007820 -0.012740 0.000000 0.009294 -0.012804 0.008437 0.008154 0.008211 -0.007035 0.008286 0.010033 0.005793 0.008944 0.010826 0.003894 0.009445 -0.031833 0.006895 -0.024431 0.009229 -0.018413 -0.008961 -0.015650 0.005666 0.074027 -0.000457 -0.000230 -0.003790 0.010374 -0.033454 -0.017563 -0.007040 0.011222 -0.023102 0.007857 0.007216 -0.003566 0.007711 0.000415 -0.009268 -0.002378 0.010911 -0.023942 0.008934 0.008908 -0.038283 0.045350 -0.052316 0.013177 0.020444 -0.018513 -0.032752 -0.002151 0.019222 0.000705
-0.008121 0.052113 -0.027764 0.006233 -0.027202 0.010978 0.010978 0.010978 0.010978 0.010656 0.010958 -0.004113 -0.023581 0.003762 -0.007465 0.011435 0.012522 -0.000096 0.010978 -0.007633 -0.006091 0.010340 0.011435 0.011400 0.010984 -0.004434 0.009557 -0.005368 0.009294 0.000000 -0.004421 0.010459 0.010007 0.009858 -0.085263 0.010541 0.013049 0.008643 0.011903 0.013359 0.046053 0.011309 -0.022071 0.008733 -0.015033 0.010992 -0.009285 -0.003536 0.051294 0.009826 -0.020754 0.005735 0.004735 -0.024469 0.013849 -0.026483 -0.008925 -0.002197 0.013467 -0.016257 0.011102 0.009148 0.002512 -0.017793 0.005735 -0.003623 0.002726 0.013450 -0.014227 0.010939 0.011126 -0.029036 -0.009404 -0.040874 -0.018015 -0.020374 -0.007272 -0.022869 0.003363 -0.039417 0.005863
-0.029131 -0.032747 0.029651 -0.019003 0.018295 -0.001663 -0.001663 -0.001663 -0.001663 -0.003518 -0.004362 -0.006278 -0.006265 -0.017997 0.031771 -0.002799 -0.007154 -0.013941 -0.001663 -0.015870 -0.020115 -0.005537 -0.002799 -0.002634 -0.007204 0.102090 0.052179 -0.002334 -0.012804 -0.004421 0.000000 -0.007520 -0.006559 -0.003874 0.076683 -0.008932 -0.011321 -0.014815 0.024108 0.033535 0.046628 0.055384 -0.002403 -0.007292 0.042218 -0.004164 0.069197 -0.030541 0.013238 -0.000889 -0.002061 -0.001966 0.021918 -0.021761 -0.014895 -0.039875 -0.036496 -0.020732 -0.006555 0.000904 -0.015558 0.053239 -0.014467 -0.029169 -0.019883 -0.012947 -0.013791 -0.009528 0.001763 -0.007006 -0.008594 0.000628 -0.005134 -0.043404 0.031768 0.001913 0.050108 -0.032931 -0.013751 -0.040810 -0.017978
-0.010818 -0.010838 -0.034432 0.004452 -0.033531 0.010479 0.010479 0.010479 0.010479 0.010118 0.010390 -0.007211 -0.028817 0.001638 -0.011581 0.010889 0.011790 -0.002111 0.010479 -0.010782 0.058980 0.009744 0.010889 0.078090 0.076727 -0.007423 0.009005 -0.008132 0.008437 0.010459 -0.007520 0.000000 0.009396 0.009324 -0.067654 0.009773 0.012031 0.007692 0.010821 0.012527 -0.022680 0.010678 -0.027065 0.008138 -0.018855 0.010430 0.042444 -0.005351 -0.011707 0.008410 -0.028203 0.003100 0.002807 -0.032477 0.012578 -0.027898 -0.012810 -0.004577 0.012713 -0.019185 0.009950 0.008515 0.000426 0.085451 0.004038 -0.006429 0.001057 0.012520 -0.017695 0.010299 0.010370 -0.035291 -0.012646 -0.048735 -0.024127 -0.027041 -0.013362 -0.028240 0.001347 -0.047383 0.003917
-0.010259 -0.010363 -0.031317 0.004659 -0.030483 0.009981 0.009981 0.009981 0.009981 0.009648 0.009933 -0.006060 -0.027198 0.002096 -0.010427 0.010422 0.011428 -0.001869 0.009981 -0.010846 -0.008189 0.009295 0.010422 0.010392 0.009914 -0.006743 0.008539 -0.007521 0.008154 0.010007 -0.006559 0.009396 0.000000 0.008830 -0.036550 0.009452 0.011836 0.007365 0.010625 0.012220 -0.021329 0.010275 -0.025039 0.007690 0.040262 0.009974 -0.012131 -0.005055 -0.011329 0.008369 -0.024771 0.003724 0.003054 -0.028971 0.012541 -0.026403 -0.011228 -0.003938 0.012339 -0.019247 0.009810 0.008112 0.000853 -0.020227 0.004113 0.054084 0.065169 0.012238 -0.016584 0.009867 0.010026 -0.033547 -0.011861 -0.046209 0.035928 -0.024142 -0.010512 0.024295 0.001624 -0.043623 0.004086
-0.008644 -0.008212 0.034282 0.005548 -0.025545 0.009742 0.009742 0.009742 0.009742 0.009451 0.009765 -0.003549 -0.019984 0.003113 -0.006793 0.010232 0.011428 -0.000833 0.009742 -0.007989 -0.007553 0.009141 0.010232 0.010201 0.009858 -0.004749 0.008381 -0.006110 0.008211 0.009858 -0.003874 0.009324 0.008830 0.000000 -0.082255 0.009414 0.012136 0.007666 0.010926 0.012323 -0.014698 0.010170 0.039502 0.007504 -0.014595 0.009815 -0.008909 -0.004045 -0.010043 0.009045 -0.017882 0.005636 0.004182 -0.021864 0.013033 -0.022211 -0.007616 -0.002897 0.012400 -0.016228 0.010201 0.007993 0.001923 -0.017243 0.004814 0.057850 0.002098 0.012474 -0.014305 0.009798 0.010023 -0.026212 -0.009277 -0.036003 -0.016754 -0.018225 -0.006453 -0.018001 0.003019 -0.033327 0.005561
-0.041948 0.063287 0.079876 -0.012369 -0.092380 -0.074676 -0.074676 -0.074676 -0.074676 -0.030674 -0.082466 0.162310 0.200610 -0.024544 0.166310 -0.031635 -0.077585 0.075022 -0.074676 -0.057225 0.127630 0.021356 -0.031635 -0.080987 -0.056528 0.129840 -0.085998 -0.055588 -0.007035 -0.085263 0.076683 -0.067654 -0.036550 -0.082255 0.000000 0.119130 -0.019409 -0.079432 -0.002981 -0.081176 -0.070500 -0.088108 0.009365 0.033589 -0.032156 -0.083123 -0.009276 0.072328 -0.111400 -0.010015 0.070279 0.000025 0.087076 0.054306 -0.011507 -0.123720 0.009135 0.024980 -0.063996 0.024085 -0.062419 -0.047265 0.082814 -0.133450 0.123740 0.172720 -0.036507 -0.042365 0.147900 -0.067016 -0.048574 0.021955 0.123380 0.226170 0.013321 0.079784 0.109640 -0.007061 0.011212 0.051186 0.027053
-0.011334 -0.010978 -0.033181 0.004537 0.017550 0.010574 0.010574 0.010574 0.010574 0.010138 0.010475 -0.006696 -0.028701 0.001670 -0.012142 0.010936 0.011788 -0.003056 0.010574 -0.012253 -0.009209 0.009723 0.010936 0.010961 0.010354 -0.008785 0.009073 -0.008992 0.008286 0.010541 -0.008932 0.009773 0.009452 0.009414 0.119130 0.000000 0.011894 0.007637 0.010678 0.012535 0.019764 0.010794 -0.026929 0.008110 -0.020217 0.010497 0.032595 -0.006410 -0.012771 0.007873 -0.027906 0.002949 0.002988 0.024128 0.012574 -0.029784 -0.012987 -0.004776 0.012760 -0.020134 0.009903 0.008569 0.000394 -0.024415 0.002978 -0.007094 0.000506 0.012523 -0.019710 0.010315 0.010372 -0.036146 -0.012364 -0.046895 -0.024879 -0.027129 -0.013242 -0.028103 0.001246 -0.046974 0.003787
-0.013662 -0.013571 -0.036702 0.003964 -0.035025 0.013432 0.013432 0.013432 0.013432 0.012850 0.013012 -0.010611 -0.030927 0.000086 -0.014996 0.013667 0.013825 -0.003276 0.013432 -0.013855 -0.008918 0.012339 0.013667 0.013643 0.012530 -0.010367 0.011559 -0.011148 0.010033 0.013049 -0.011321 0.012031 0.011836 0.012136 -0.019409 0.011894 0.000000 0.008834 0.012069 0.014193 0.038360 0.013099 -0.028543 0.010806 -0.022079 0.012944 -0.015427 -0.007009 -0.014220 0.008311 -0.028555 0.000531 0.001077 -0.031370 0.012818 -0.030036 0.014046 -0.004952 0.014612 0.018304 0.010540 0.010946 0.050005 -0.001888 0.002951 -0.007226 -0.000230 0.013930 -0.022173 0.012571 0.012462 -0.026878 0.028087 -0.040147 -0.000066 -0.028564 -0.016203 -0.023826 -0.000885 -0.016758 0.002023
0.043589 -0.018047 -0.039925 -0.000940 -0.009343 0.008971 0.008971 0.008971 0.008971 0.008473 0.008516 -0.015244 -0.033106 -0.004388 0.002166 0.009268 0.009317 -0.007576 0.008971 -0.017853 -0.013263 0.007986 0.009268 0.009208 0.008184 -0.014525 0.007094 -0.016019 0.005793 0.008643 -0.014815 0.007692 0.007365 0.007666 -0.079432 0.007637 0.008834 0.000000 0.007638 0.009590 -0.020366 0.008748 -0.029082 0.006267 0.134580 0.008591 -0.018127 -0.010887 -0.018636 0.003909 -0.029432 -0.004073 0.041770 -0.031659 0.066227 -0.031364 -0.018775 -0.009521 0.010041 0.027096 0.005646 0.006606 -0.007061 -0.027048 -0.001680 -0.011157 -0.005161 0.009378 -0.025590 0.008157 0.007938 0.014548 0.039697 0.027958 -0.029756 0.033802 -0.018953 -0.023031 -0.005202 -0.050649 -0.002654
-0.014640 -0.013959 -0.036056 0.002944 -0.018230 0.012214 0.012214 0.012214 0.012214 0.011692 0.011849 -0.010755 -0.030143 -0.000559 -0.015178 0.012449 0.012638 -0.004289 0.012214 -0.014161 -0.009921 0.011093 0.012449 0.012447 0.011423 -0.011314 0.010407 -0.012207 0.008944 0.011903 0.024108 0.010821 0.010625 0.010926 -0.002981 0.010678 0.012069 0.007638 0.000000 0.012997 -0.017288 0.011922 -0.027343 0.009502 0.005240 0.011865 0.032430 -0.007298 -0.015311 0.006985 -0.010204 0.000030 0.000257 -0.029538 0.011839 -0.011917 -0.015491 -0.006078 0.013495 -0.021955 0.009386 0.009715 -0.002731 -0.004675 0.001830 -0.008145 -0.001399 0.012889 -0.022219 0.011474 0.011298 -0.032654 0.040659 -0.039203 -0.004544 -0.027712 0.009115 -0.022564 0.047959 -0.044577 0.001183
-0.011402 -0.010628 -0.033215 0.060143 -0.032220 0.013563 0.013563 0.013563 0.013563 0.013133 0.013272 -0.007505 -0.002754 0.002510 -0.012334 0.013899 0.014300 -0.001261 0.013563 -0.011228 -0.006880 0.012682 0.013899 0.013856 0.013052 -0.007899 0.011873 -0.008679 0.010826 0.013359 0.033535 0.012527 0.012220 0.012323 -0.081176 0.012535 0.014193 0.009590 0.012997 0.000000 -0.018149 0.013447 -0.025758 0.011046 -0.019265 0.013337 -0.012784 -0.004562 -0.011978 0.009794 0.000818 0.003404 0.002968 -0.028882 0.014108 -0.027052 -0.012815 -0.003035 0.015180 -0.018476 0.011670 0.011288 0.000116 -0.021545 0.004916 -0.004706 0.001589 0.014839 -0.018169 0.013016 0.012910 -0.020475 -0.012524 -0.033954 -0.024086 0.000603 -0.013148 -0.023074 0.001565 0.008662 0.004313
-0.025846 -0.048877 0.081392 0.006725 0.110280 -0.011429 -0.011429 -0.011429 -0.011429 0.044946 -0.016635 -0.017405 0.066892 -0.032527 0.009533 -0.013959 -0.019956 0.031812 -0.011429 -0.058107 -0.032198 -0.017964 -0.013959 -0.014504 -0.022618 0.088291 0.043431 0.024188 0.003894 0.046053 0.046628 -0.022680 -0.021329 -0.014698 -0.070500 0.019764 0.038360 -0.020366 -0.017288 -0.018149 0.000000 -0.019880 0.126090 -0.018821 -0.058355 0.035860 -0.053036 -0.043857 0.039323 0.002579 0.028570 -0.032899 0.009017 0.014510 -0.019114 0.081615 -0.009816 -0.003165 -0.019111 0.074507 -0.018794 -0.021389 0.012234 0.045928 -0.025094 0.038386 0.010587 -0.007179 -0.004278 -0.020788 -0.022844 -0.006669 -0.042475 -0.008836 -0.018027 -0.029780 0.000683 0.006275 -0.026224 -0.024996 -0.032413
-0.008850 -0.008480 -0.029912 0.006081 -0.030102 0.011311 0.011311 0.011311 0.011311 0.010974 0.011241 -0.005154 -0.025364 0.003303 -0.009162 0.011743 0.012727 -0.000409 0.011311 -0.008795 -0.006189 0.010636 0.011743 0.011705 0.011220 -0.005682 0.077570 -0.006165 0.009445 0.011309 0.055384 0.010678 0.010275 0.010170 -0.088108 0.010794 0.013099 0.008748 0.011922 0.013447 -0.019880 0.000000 -0.023287 0.009038 -0.016217 0.011288 -0.010909 -0.003501 -0.010188 0.009821 -0.024918 0.005233 0.004175 -0.028417 0.013728 -0.024770 -0.010113 -0.002427 0.013658 -0.016700 0.011085 0.009380 0.002037 0.039443 0.005589 -0.003796 0.002382 0.013594 -0.014626 0.011199 0.011311 -0.032715 -0.010104 -0.045390 -0.020363 -0.023145 -0.010657 -0.024958 0.002897 0.008657 0.005414
-0.017070 0.015844 -0.008896 0.027059 0.006993 -0.016088 -0.016088 -0.016088 -0.016088 -0.018474 -0.020875 -0.037582 0.047813 -0.016083 -0.055552 -0.018125 -0.025679 0.017063 -0.016088 0.042328 -0.000483 -0.021514 -0.018125 -0.018738 -0.026930 0.032253 -0.022851 0.077203 -0.031833 -0.022071 -0.002403 -0.027065 -0.025039 0.039502 0.009365 -0.026929 -0.028543 -0.029082 -0.027343 -0.025758 0.126090 -0.023287 0.000000 0.034797 -0.025190 -0.020423 0.012578 0.040398 0.004093 -0.034133 0.027126 0.011423 0.027072 0.074039 -0.020069 0.028479 0.066974 -0.022862 -0.025263 -0.039123 -0.030521 -0.024873 0.070953 0.005320 0.017416 -0.009740 -0.031661 -0.028312 0.048842 -0.024475 -0.027371 -0.061405 0.032778 0.031145 -0.002040 -0.056019 -0.024556 0.090545 0.007591 0.141430 0.006433
-0.010777 -0.009739 -0.028566 0.004061 -0.028887 0.008627 0.008627 0.008627 0.008627 0.008306 0.008638 -0.005344 -0.022620 0.001550 -0.009213 0.009090 0.010196 -0.002997 0.008627 -0.010426 -0.009058 0.007954 0.009090 0.009082 0.008688 -0.007276 0.007242 -0.008691 0.006895 0.008733 -0.007292 0.008138 0.007690 0.007504 0.033589 0.008110 0.010806 0.006267 0.009502 0.011046 -0.018821 0.009038 0.034797 0.000000 -0.017273 0.008681 -0.012264 -0.006624 -0.012379 0.007242 -0.021605 0.003813 0.002696 -0.026230 0.011701 -0.026838 -0.010454 -0.004667 0.011197 -0.019092 0.008889 0.006827 0.000363 -0.020053 0.002723 -0.006959 0.000178 0.011211 -0.018723 0.008614 0.008806 0.022769 -0.011196 -0.039890 -0.019608 0.037224 0.050730 -0.022023 0.001407 -0.038445 0.003836
0.022335 -0.036891 -0.057117 0.045560 0.030611 -0.011130 -0.011130 -0.011130 -0.011130 -0.013330 -0.015040 -0.042814 -0.063637 -0.011929 -0.000080 -0.012519 -0.018794 -0.012487 -0.011130 -0.003687 -0.015198 -0.015060 -0.012519 -0.012902 -0.020124 -0.027581 -0.018768 -0.012985 -0.024431 -0.015033 0.042218 -0.018855 0.040262 -0.014595 -0.032156 -0.020217 -0.022079 0.134580 0.005240 -0.019265 -0.058355 -0.016217 -0.025190 -0.017273 0.000000 -0.015351 0.071855 -0.041383 -0.002894 -0.022960 0.023605 -0.036009 0.009407 -0.080837 -0.025194 0.021603 0.009898 -0.016924 -0.018497 0.469970 -0.011993 -0.018216 0.001927 0.080672 0.037228 -0.046056 0.009605 0.009529 0.029075 -0.018434 -0.020335 0.025052 0.081490 -0.072652 0.105370 -0.041154 0.014376 0.052906 -0.005817 -0.061812 -0.034741
-0.008235 -0.007801 -0.026854 0.006270 -0.026999 0.010932 0.010932 0.010932 0.010932 0.010611 0.010920 -0.004031 -0.021806 0.003641 -0.007097 0.011399 0.012495 -0.000207 0.010932 -0.007804 -0.006310 0.010297 0.011399 0.011365 0.010962 -0.004495 0.009527 -0.005620 0.009229 0.010992 -0.004164 0.010430 0.009974 0.009815 -0.083123 0.010497 0.012944 0.008591 0.011865 0.013337 0.035860 0.011288 -0.020423 0.008681 -0.015351 0.000000 -0.009316 -0.003914 -0.009738 0.009904 -0.020519 0.005836 0.004801 -0.023753 0.013850 -0.023283 0.048494 -0.002263 0.013421 -0.015884 0.011100 0.009118 0.002575 -0.017342 0.005587 -0.003580 0.002719 0.013430 -0.014509 0.010913 0.011097 -0.028288 0.050139 -0.039541 -0.017552 -0.020221 -0.007283 -0.021412 0.003251 -0.037801 0.005808
0.046405 0.021138 -0.042569 -0.026157 -0.015077 -0.005755 -0.005755 -0.005755 -0.005755 -0.008386 -0.009440 0.049199 0.014610 0.015337 0.042602 -0.007401 -0.012585 0.001981 -0.005755 0.016132 0.009525 -0.010178 -0.007401 -0.007564 -0.013414 -0.009460 -0.010747 -0.029450 -0.018413 -0.009285 0.069197 0.042444 -0.012131 -0.008909 -0.009276 0.032595 -0.015427 -0.018127 0.032430 -0.012784 -0.053036 -0.010909 0.012578 -0.012264 0.071855 -0.009316 0.000000 0.009534 -0.030321 -0.014215 0.057755 -0.027970 -0.032088 0.015976 -0.017772 0.045154 0.003042 0.275190 -0.011935 0.008163 0.000380 -0.012978 0.008101 -0.061879 -0.012422 -0.002326 -0.016631 0.017618 -0.005796 -0.011999 -0.014618 -0.058812 -0.028070 -0.018905 -0.053233 0.030483 -0.014968 0.024895 0.005401 -0.076152 -0.016104
-0.023667 0.102290 -0.017502 0.011811 -0.016716 -0.002171 -0.002171 -0.002171 -0.002171 -0.003417 -0.003337 -0.030479 -0.047586 -0.020941 -0.002007 -0.002551 -0.004038 -0.020799 -0.002171 -0.035264 -0.025277 -0.004399 -0.002551 -0.002324 -0.004784 -0.018680 -0.004960 -0.022578 -0.008961 -0.003536 -0.030541 -0.005351 -0.005055 -0.004045 0.072328 -0.006410 -0.007009 -0.010887 -0.007298 -0.004562 -0.043857 -0.003501 0.040398 -0.006624 -0.041383 -0.003914 0.009534 0.000000 0.010440 -0.013104 -0.027130 0.011104 -0.019340 0.022755 -0.008605 0.012982 0.360360 -0.006003 -0.003258 -0.038119 -0.010010 -0.006425 0.025673 0.031795 -0.018637 -0.022104 -0.022244 -0.005061 0.025071 -0.004977 -0.005396 0.005927 -0.030789 0.015442 -0.028776 0.072211 0.005921 -0.032129 -0.003752 -0.018036 0.003473
-0.024362 0.103540 -0.057707 0.013683 -0.010871 -0.008049 -0.008049 -0.008049 -0.008049 -0.009437 -0.009628 -0.005961 0.018326 -0.030039 0.003961 -0.008412 -0.010838 -0.028407 -0.008049 -0.012889 -0.033957 -0.011669 -0.008412 -0.008351 -0.011125 -0.017810 -0.011427 -0.022988 -0.015650 0.051294 0.013238 -0.011707 -0.011329 -0.010043 -0.111400 -0.012771 -0.014220 -0.018636 -0.015311 -0.011978 0.039323 -0.010188 0.004093 -0.012379 -0.002894 -0.009738 -0.030321 0.010440 0.000000 0.067394 0.061288 -0.008475 -0.025580 0.011124 -0.017622 0.634520 -0.016850 -0.030906 -0.010548 -0.043347 -0.019530 -0.012634 -0.008238 -0.000857 -0.027296 -0.031465 -0.030586 -0.012587 -0.047013 0.046626 -0.012618 -0.042015 -0.036776 -0.047378 0.028010 -0.039769 -0.002699 0.010079 0.011689 0.101860 -0.026464
-0.020853 -0.019555 -0.033326 -0.003231 -0.028429 0.010583 0.010583 0.010583 0.010583 0.009828 0.009881 0.080409 -0.023712 -0.007109 -0.018236 0.010557 0.009947 -0.010146 0.010583 -0.004298 0.018537 0.008906 0.010557 0.010627 0.008923 -0.017151 0.008361 -0.018253 0.005666 0.009826 -0.000889 0.008410 0.008369 0.009045 -0.010015 0.007873 0.008311 0.003909 0.006985 0.009794 0.002579 0.009821 -0.034133 0.007242 -0.022960 0.009904 -0.014215 -0.013104 0.067394 0.000000 0.010985 -0.007119 0.035398 0.009374 0.006954 -0.001705 -0.017553 -0.011885 0.010623 -0.026222 0.004989 0.007493 -0.010377 -0.017631 0.040639 0.015792 -0.008025 0.009398 -0.027007 0.008925 0.008565 -0.037407 -0.023605 -0.049263 -0.029711 -0.014833 -0.015624 -0.033516 0.032047 0.007270 -0.005396
0.014338 -0.013169 -0.008328 -0.000518 0.039988 -0.012847 -0.012847 -0.012847 -0.012847 -0.016751 -0.020227 -0.017065 0.037800 0.014285 0.073367 -0.015936 -0.026416 -0.018888 -0.012847 0.026106 -0.016454 -0.020236 -0.015936 -0.016916 -0.027586 -0.041813 -0.022493 0.070750 0.074027 -0.020754 -0.002061 -0.028203 -0.024771 -0.017882 0.070279 -0.027906 -0.028555 -0.029432 -0.010204 0.000818 0.028570 -0.024918 0.027126 -0.021605 0.023605 -0.020519 0.057755 -0.027130 0.061288 0.010985 0.000000 0.060686 0.032592 0.083214 -0.028658 0.052634 0.010430 0.011345 -0.026381 -0.006889 -0.031774 0.032641 0.029778 0.000165 0.002129 -0.015443 -0.020933 -0.030218 -0.007795 0.021203 -0.028897 0.009022 -0.053129 0.039929 -0.028203 -0.052642 0.060992 -0.019822 -0.001050 -0.060107 0.026172
